# Created by Octave 4.0.0, Thu Aug 13 08:46:11 2015 IST <chakra@chakra>
# name: theta
# type: matrix
# rows: 19
# columns: 1
 -1.16254082134725
 -1.700042706455882
 -2.598471622153167
 -5.856756088631499
 -1.593892622284484
 -2.50374053883388
 -1.22619846894679
 5.740671611539522
 0.4407436992254047
 -1.593892622284484
 -2.265590763979682
 8.408576245163641
 -0.3896628477716262
 -1.753456974803614
 -2.989222312610636
 -0.2123470584056584
 -2.396955926229614
 7.035068965745038
 4.52869083556712


