# Created by Octave 4.0.0, Thu Aug 13 08:45:00 2015 IST <chakra@chakra>
# name: theta
# type: matrix
# rows: 19
# columns: 1
 -2.927704060873058
 -0.1990361353042283
 -1.541432624440328
 -4.3162741125454
 -0.8873374047122335
 -1.52842085128149
 4.126182771063611
 -7.83213398467468
 -0.06765656592405365
 -0.8873374047122349
 2.230552021859651
 -11.61378658589618
 -0.5704262332751576
 -0.260037896491523
 -1.501156152077106
 -0.4181009040066956
 3.234316124039442
 -5.757688432622355
 -7.47525066249481


