# Created by Octave 4.0.0, Thu Aug 13 08:47:33 2015 IST <chakra@chakra>
# name: theta
# type: matrix
# rows: 19
# columns: 1
 1.244795976038639
 1.463600939755951
 2.504104414869344
 5.738153268313466
 1.508263789964451
 2.473763479586039
 -6.183610559815632
 -5.10480740751911
 -0.05952780467477715
 1.508263789964456
 -0.3126654971615173
 -5.384693819971455
 0.4513332408026346
 1.526260893782363
 2.741624258991002
 0.2504731441408414
 -1.435543640981408
 -5.973816230329247
 -0.003097059030965512


