X=[78.0 101.0 97.0 114.0 32.0 66.0 117.0 115.0 32.0 68.0 101.0 112.0 111.0 116.0 0.0 0.0 0.0 0.0 0.0 0.0 0.0 0.0 0.0 0.0 0.0 0.0 0.0 0.0 0.0 0.0 0.0 0.0 0.0 0.0 0.0 0.0 0.0 0.0 0.0 0.0 0.0 0.0 0.0 0.0 0.0 0.0 0.0 0.0 0.0 0.0 ;
78.0 101.0 97.0 114.0 32.0 78.0 97.0 100.0 104.0 97.0 109.0 117.0 110.0 105.0 32.0 67.0 105.0 110.0 101.0 109.0 97.0 32.0 72.0 97.0 108.0 108.0 0.0 0.0 0.0 0.0 0.0 0.0 0.0 0.0 0.0 0.0 0.0 0.0 0.0 0.0 0.0 0.0 0.0 0.0 0.0 0.0 0.0 0.0 0.0 0.0 ;
78.0 69.0 65.0 82.0 32.0 78.0 65.0 84.0 72.0 65.0 77.0 85.0 78.0 73.0 32.0 83.0 73.0 71.0 78.0 65.0 76.0 0.0 0.0 0.0 0.0 0.0 0.0 0.0 0.0 0.0 0.0 0.0 0.0 0.0 0.0 0.0 0.0 0.0 0.0 0.0 0.0 0.0 0.0 0.0 0.0 0.0 0.0 0.0 0.0 0.0 ;
78.0 101.0 97.0 114.0 32.0 83.0 116.0 32.0 74.0 111.0 104.0 110.0 32.0 83.0 99.0 104.0 111.0 111.0 108.0 0.0 0.0 0.0 0.0 0.0 0.0 0.0 0.0 0.0 0.0 0.0 0.0 0.0 0.0 0.0 0.0 0.0 0.0 0.0 0.0 0.0 0.0 0.0 0.0 0.0 0.0 0.0 0.0 0.0 0.0 0.0 ;
65.0 121.0 121.0 97.0 112.0 112.0 97.0 110.0 32.0 84.0 101.0 109.0 112.0 108.0 101.0 0.0 0.0 0.0 0.0 0.0 0.0 0.0 0.0 0.0 0.0 0.0 0.0 0.0 0.0 0.0 0.0 0.0 0.0 0.0 0.0 0.0 0.0 0.0 0.0 0.0 0.0 0.0 0.0 0.0 0.0 0.0 0.0 0.0 0.0 0.0 ;
66.0 97.0 99.0 107.0 115.0 105.0 100.0 101.0 32.0 78.0 97.0 100.0 104.0 97.0 109.0 117.0 110.0 105.0 32.0 84.0 104.0 101.0 97.0 116.0 114.0 101.0 0.0 0.0 0.0 0.0 0.0 0.0 0.0 0.0 0.0 0.0 0.0 0.0 0.0 0.0 0.0 0.0 0.0 0.0 0.0 0.0 0.0 0.0 0.0 0.0 ;
66.0 97.0 99.0 107.0 115.0 105.0 100.0 101.0 32.0 86.0 105.0 108.0 108.0 105.0 118.0 97.0 107.0 107.0 97.0 109.0 32.0 66.0 117.0 115.0 32.0 84.0 101.0 114.0 109.0 105.0 110.0 117.0 115.0 0.0 0.0 0.0 0.0 0.0 0.0 0.0 0.0 0.0 0.0 0.0 0.0 0.0 0.0 0.0 0.0 0.0 ;
66.0 97.0 108.0 105.0 97.0 109.0 109.0 97.0 110.0 32.0 75.0 111.0 105.0 108.0 32.0 78.0 101.0 97.0 114.0 0.0 0.0 0.0 0.0 0.0 0.0 0.0 0.0 0.0 0.0 0.0 0.0 0.0 0.0 0.0 0.0 0.0 0.0 0.0 0.0 0.0 0.0 0.0 0.0 0.0 0.0 0.0 0.0 0.0 0.0 0.0 ;
66.0 101.0 104.0 105.0 110.0 100.0 32.0 78.0 97.0 100.0 104.0 97.0 109.0 117.0 110.0 105.0 32.0 84.0 104.0 101.0 97.0 116.0 101.0 114.0 0.0 0.0 0.0 0.0 0.0 0.0 0.0 0.0 0.0 0.0 0.0 0.0 0.0 0.0 0.0 0.0 0.0 0.0 0.0 0.0 0.0 0.0 0.0 0.0 0.0 0.0 ;
66.0 101.0 104.0 105.0 110.0 100.0 32.0 78.0 97.0 116.0 104.0 97.0 109.0 117.0 110.0 105.0 32.0 84.0 104.0 101.0 97.0 116.0 114.0 101.0 0.0 0.0 0.0 0.0 0.0 0.0 0.0 0.0 0.0 0.0 0.0 0.0 0.0 0.0 0.0 0.0 0.0 0.0 0.0 0.0 0.0 0.0 0.0 0.0 0.0 0.0 ;
66.0 101.0 104.0 105.0 110.0 100.0 32.0 83.0 105.0 110.0 103.0 97.0 114.0 97.0 109.0 32.0 80.0 105.0 108.0 108.0 97.0 105.0 32.0 83.0 99.0 104.0 111.0 111.0 108.0 0.0 0.0 0.0 0.0 0.0 0.0 0.0 0.0 0.0 0.0 0.0 0.0 0.0 0.0 0.0 0.0 0.0 0.0 0.0 0.0 0.0 ;
66.0 101.0 104.0 105.0 110.0 100.0 32.0 85.0 99.0 111.0 32.0 66.0 97.0 110.0 107.0 0.0 0.0 0.0 0.0 0.0 0.0 0.0 0.0 0.0 0.0 0.0 0.0 0.0 0.0 0.0 0.0 0.0 0.0 0.0 0.0 0.0 0.0 0.0 0.0 0.0 0.0 0.0 0.0 0.0 0.0 0.0 0.0 0.0 0.0 0.0 ;
66.0 101.0 116.0 119.0 101.0 101.0 110.0 32.0 78.0 97.0 100.0 104.0 97.0 109.0 117.0 110.0 105.0 32.0 84.0 104.0 101.0 97.0 116.0 114.0 101.0 32.0 65.0 110.0 100.0 32.0 65.0 110.0 110.0 97.0 32.0 78.0 97.0 103.0 97.0 114.0 32.0 82.0 97.0 105.0 108.0 119.0 97.0 121.0 32.0 84.0 ;
66.0 101.0 116.0 119.0 101.0 101.0 110.0 32.0 82.0 97.0 105.0 108.0 119.0 97.0 121.0 32.0 83.0 116.0 97.0 116.0 105.0 111.0 110.0 32.0 38.0 32.0 66.0 117.0 115.0 32.0 83.0 116.0 97.0 110.0 100.0 0.0 0.0 0.0 0.0 0.0 0.0 0.0 0.0 0.0 0.0 0.0 0.0 0.0 0.0 0.0 ;
67.0 104.0 117.0 114.0 99.0 104.0 32.0 79.0 112.0 112.0 0.0 0.0 0.0 0.0 0.0 0.0 0.0 0.0 0.0 0.0 0.0 0.0 0.0 0.0 0.0 0.0 0.0 0.0 0.0 0.0 0.0 0.0 0.0 0.0 0.0 0.0 0.0 0.0 0.0 0.0 0.0 0.0 0.0 0.0 0.0 0.0 0.0 0.0 0.0 0.0 ;
68.0 46.0 75.0 46.0 83.0 117.0 112.0 101.0 114.0 32.0 77.0 97.0 114.0 107.0 101.0 116.0 0.0 0.0 0.0 0.0 0.0 0.0 0.0 0.0 0.0 0.0 0.0 0.0 0.0 0.0 0.0 0.0 0.0 0.0 0.0 0.0 0.0 0.0 0.0 0.0 0.0 0.0 0.0 0.0 0.0 0.0 0.0 0.0 0.0 0.0 ;
68.0 111.0 110.0 32.0 66.0 111.0 115.0 99.0 111.0 32.0 83.0 99.0 104.0 111.0 111.0 108.0 0.0 0.0 0.0 0.0 0.0 0.0 0.0 0.0 0.0 0.0 0.0 0.0 0.0 0.0 0.0 0.0 0.0 0.0 0.0 0.0 0.0 0.0 0.0 0.0 0.0 0.0 0.0 0.0 0.0 0.0 0.0 0.0 0.0 0.0 ;
71.0 117.0 112.0 116.0 97.0 32.0 83.0 99.0 104.0 111.0 111.0 108.0 0.0 0.0 0.0 0.0 0.0 0.0 0.0 0.0 0.0 0.0 0.0 0.0 0.0 0.0 0.0 0.0 0.0 0.0 0.0 0.0 0.0 0.0 0.0 0.0 0.0 0.0 0.0 0.0 0.0 0.0 0.0 0.0 0.0 0.0 0.0 0.0 0.0 0.0 ;
73.0 99.0 102.0 0.0 0.0 0.0 0.0 0.0 0.0 0.0 0.0 0.0 0.0 0.0 0.0 0.0 0.0 0.0 0.0 0.0 0.0 0.0 0.0 0.0 0.0 0.0 0.0 0.0 0.0 0.0 0.0 0.0 0.0 0.0 0.0 0.0 0.0 0.0 0.0 0.0 0.0 0.0 0.0 0.0 0.0 0.0 0.0 0.0 0.0 0.0 ;
73.0 110.0 103.0 32.0 86.0 121.0 115.0 121.0 97.0 32.0 66.0 97.0 110.0 107.0 32.0 78.0 101.0 97.0 114.0 0.0 0.0 0.0 0.0 0.0 0.0 0.0 0.0 0.0 0.0 0.0 0.0 0.0 0.0 0.0 0.0 0.0 0.0 0.0 0.0 0.0 0.0 0.0 0.0 0.0 0.0 0.0 0.0 0.0 0.0 0.0 ;
75.0 97.0 108.0 112.0 97.0 110.0 97.0 32.0 66.0 117.0 115.0 32.0 83.0 116.0 111.0 112.0 0.0 0.0 0.0 0.0 0.0 0.0 0.0 0.0 0.0 0.0 0.0 0.0 0.0 0.0 0.0 0.0 0.0 0.0 0.0 0.0 0.0 0.0 0.0 0.0 0.0 0.0 0.0 0.0 0.0 0.0 0.0 0.0 0.0 0.0 ;
77.0 97.0 115.0 106.0 105.0 100.0 32.0 69.0 32.0 77.0 97.0 109.0 111.0 111.0 114.0 32.0 77.0 111.0 115.0 113.0 117.0 101.0 0.0 0.0 0.0 0.0 0.0 0.0 0.0 0.0 0.0 0.0 0.0 0.0 0.0 0.0 0.0 0.0 0.0 0.0 0.0 0.0 0.0 0.0 0.0 0.0 0.0 0.0 0.0 0.0 ;
78.0 97.0 103.0 97.0 114.0 32.0 66.0 117.0 115.0 32.0 83.0 116.0 111.0 112.0 32.0 79.0 112.0 112.0 0.0 0.0 0.0 0.0 0.0 0.0 0.0 0.0 0.0 0.0 0.0 0.0 0.0 0.0 0.0 0.0 0.0 0.0 0.0 0.0 0.0 0.0 0.0 0.0 0.0 0.0 0.0 0.0 0.0 0.0 0.0 0.0 ;
78.0 97.0 116.0 104.0 97.0 109.0 117.0 110.0 105.0 32.0 84.0 104.0 101.0 97.0 116.0 114.0 101.0 32.0 78.0 101.0 97.0 114.0 0.0 0.0 0.0 0.0 0.0 0.0 0.0 0.0 0.0 0.0 0.0 0.0 0.0 0.0 0.0 0.0 0.0 0.0 0.0 0.0 0.0 0.0 0.0 0.0 0.0 0.0 0.0 0.0 ;
78.0 101.0 97.0 114.0 32.0 65.0 97.0 118.0 105.0 110.0 32.0 77.0 105.0 108.0 107.0 32.0 66.0 111.0 111.0 116.0 104.0 0.0 0.0 0.0 0.0 0.0 0.0 0.0 0.0 0.0 0.0 0.0 0.0 0.0 0.0 0.0 0.0 0.0 0.0 0.0 0.0 0.0 0.0 0.0 0.0 0.0 0.0 0.0 0.0 0.0 ;
78.0 101.0 97.0 114.0 32.0 65.0 103.0 115.0 32.0 67.0 105.0 110.0 101.0 109.0 97.0 0.0 0.0 0.0 0.0 0.0 0.0 0.0 0.0 0.0 0.0 0.0 0.0 0.0 0.0 0.0 0.0 0.0 0.0 0.0 0.0 0.0 0.0 0.0 0.0 0.0 0.0 0.0 0.0 0.0 0.0 0.0 0.0 0.0 0.0 0.0 ;
78.0 101.0 97.0 114.0 32.0 65.0 103.0 115.0 32.0 67.0 105.0 110.0 101.0 109.0 97.0 115.0 32.0 79.0 112.0 112.0 32.0 87.0 99.0 102.0 32.0 72.0 111.0 115.0 112.0 105.0 116.0 97.0 108.0 0.0 0.0 0.0 0.0 0.0 0.0 0.0 0.0 0.0 0.0 0.0 0.0 0.0 0.0 0.0 0.0 0.0 ;
78.0 101.0 97.0 114.0 32.0 65.0 103.0 115.0 32.0 84.0 104.0 101.0 97.0 116.0 114.0 101.0 0.0 0.0 0.0 0.0 0.0 0.0 0.0 0.0 0.0 0.0 0.0 0.0 0.0 0.0 0.0 0.0 0.0 0.0 0.0 0.0 0.0 0.0 0.0 0.0 0.0 0.0 0.0 0.0 0.0 0.0 0.0 0.0 0.0 0.0 ;
78.0 101.0 97.0 114.0 32.0 65.0 110.0 100.0 104.0 114.0 97.0 32.0 66.0 97.0 110.0 107.0 0.0 0.0 0.0 0.0 0.0 0.0 0.0 0.0 0.0 0.0 0.0 0.0 0.0 0.0 0.0 0.0 0.0 0.0 0.0 0.0 0.0 0.0 0.0 0.0 0.0 0.0 0.0 0.0 0.0 0.0 0.0 0.0 0.0 0.0 ;
78.0 101.0 97.0 114.0 32.0 65.0 110.0 100.0 114.0 97.0 32.0 66.0 97.0 110.0 107.0 0.0 0.0 0.0 0.0 0.0 0.0 0.0 0.0 0.0 0.0 0.0 0.0 0.0 0.0 0.0 0.0 0.0 0.0 0.0 0.0 0.0 0.0 0.0 0.0 0.0 0.0 0.0 0.0 0.0 0.0 0.0 0.0 0.0 0.0 0.0 ;
78.0 101.0 97.0 114.0 32.0 65.0 110.0 110.0 97.0 32.0 78.0 97.0 103.0 97.0 114.0 32.0 87.0 101.0 115.0 116.0 32.0 82.0 97.0 105.0 108.0 119.0 97.0 121.0 32.0 83.0 116.0 97.0 116.0 105.0 111.0 110.0 0.0 0.0 0.0 0.0 0.0 0.0 0.0 0.0 0.0 0.0 0.0 0.0 0.0 0.0 ;
78.0 101.0 97.0 114.0 32.0 66.0 97.0 108.0 105.0 32.0 65.0 109.0 109.0 97.0 110.0 32.0 84.0 101.0 109.0 112.0 108.0 101.0 0.0 0.0 0.0 0.0 0.0 0.0 0.0 0.0 0.0 0.0 0.0 0.0 0.0 0.0 0.0 0.0 0.0 0.0 0.0 0.0 0.0 0.0 0.0 0.0 0.0 0.0 0.0 0.0 ;
78.0 101.0 97.0 114.0 32.0 66.0 97.0 108.0 105.0 97.0 109.0 109.0 97.0 109.0 32.0 84.0 101.0 109.0 112.0 108.0 101.0 0.0 0.0 0.0 0.0 0.0 0.0 0.0 0.0 0.0 0.0 0.0 0.0 0.0 0.0 0.0 0.0 0.0 0.0 0.0 0.0 0.0 0.0 0.0 0.0 0.0 0.0 0.0 0.0 0.0 ;
78.0 101.0 97.0 114.0 32.0 66.0 97.0 108.0 105.0 97.0 109.0 109.0 97.0 110.0 32.0 75.0 111.0 118.0 105.0 108.0 0.0 0.0 0.0 0.0 0.0 0.0 0.0 0.0 0.0 0.0 0.0 0.0 0.0 0.0 0.0 0.0 0.0 0.0 0.0 0.0 0.0 0.0 0.0 0.0 0.0 0.0 0.0 0.0 0.0 0.0 ;
